<?xml version="1.0"?>
<opencv_storage>
<cameraMatrix_left type_id="opencv-matrix">
  <rows>3</rows>
  <cols>3</cols>
  <dt>d</dt>
  <data>
    312.69943988443612 0. 320.11553781862807 0. 308.15857643878894
    223.0391563907115 0. 0. 1.</data></cameraMatrix_left>
<distCoeffs_left type_id="opencv-matrix">
  <rows>1</rows>
  <cols>5</cols>
  <dt>d</dt>
  <data>
    -0.26960699353102952 0.065038733917201913 0.0018007416278358322
    0.0036769709738752295 -0.0063790984469191802</data></distCoeffs_left>
<cameraMatrix_right type_id="opencv-matrix">
  <rows>3</rows>
  <cols>3</cols>
  <dt>d</dt>
  <data>
    329.74767074287894 0. 325.97301375936303 0. 323.01201878152096
    226.7586231223718 0. 0. 1.</data></cameraMatrix_right>
<distCoeffs_right type_id="opencv-matrix">
  <rows>1</rows>
  <cols>5</cols>
  <dt>d</dt>
  <data>
    -0.28707356197692546 0.071946490576577524 -0.0041815413186578184
    0.002241292179892009 -0.0076957593154227287</data></distCoeffs_right>
<R type_id="opencv-matrix">
  <rows>3</rows>
  <cols>3</cols>
  <dt>d</dt>
  <data>
    0.99994583133438231 0.010352778401561583 0.0010744190799279782
    -0.010292049809476952 0.99887786555308666 -0.046228599576765055
    -0.0015518078845007585 0.046215037460525736 0.99893030898296986</data></R>
<T type_id="opencv-matrix">
  <rows>3</rows>
  <cols>1</cols>
  <dt>d</dt>
  <data>
    58.901370387887113 -8.9792111449072305 35.387443593054869</data></T>
<E type_id="opencv-matrix">
  <rows>3</rows>
  <cols>3</cols>
  <dt>d</dt>
  <data>
    0.37814334274104089 -35.762708703038754 -7.3336942034968136
    35.476930313431637 -2.3557706772358467 -58.800343176506175
    8.3725089151426264 58.92823491440852 -2.7132804304075697</data></E>
<F type_id="opencv-matrix">
  <rows>3</rows>
  <cols>3</cols>
  <dt>d</dt>
  <data>
    -5.8086537214041517e-07 5.5744532486276359e-05
    -0.0087246240644628745 -5.5632441180738195e-05
    3.7485899662354343e-06 0.045805674344441875 0.0085635982987648674
    -0.049309687830195258 0.99999999999999989</data></F>
<RL type_id="opencv-matrix">
  <rows>3</rows>
  <cols>3</cols>
  <dt>d</dt>
  <data>
    0.85046229272903628 -0.097028358299441675 0.51701004471072531
    0.1081947597103636 0.99409262940397725 0.0085870912364656854
    -0.51478906613999464 0.048634780254483236 0.85593625669924189</data></RL>
<RR type_id="opencv-matrix">
  <rows>3</rows>
  <cols>3</cols>
  <dt>d</dt>
  <data>
    0.84996719668589116 -0.1295731300482105 0.51065308040531499
    0.11848974578211301 0.99146660876273751 0.054352036328061008
    -0.51333804135522421 0.014309705728146941 0.85806718129733639</data></RR>
<PL type_id="opencv-matrix">
  <rows>3</rows>
  <cols>4</cols>
  <dt>d</dt>
  <data>
    2098.9859734354504 0. 369.51035070419312 0. 0. 2098.9859734354504
    -106.07826614379883 0. 0. 0. 1. 0.</data></PL>
<PR type_id="opencv-matrix">
  <rows>3</rows>
  <cols>4</cols>
  <dt>d</dt>
  <data>
    2098.9859734354504 0. 369.51035070419312 145456.37848420441 0.
    2098.9859734354504 -106.07826614379883 0. 0. 0. 1. 0.</data></PR>
<Q type_id="opencv-matrix">
  <rows>4</rows>
  <cols>4</cols>
  <dt>d</dt>
  <data>
    1. 0. 0. -369.51035070419312 0. 1. 0. 106.07826614379883 0. 0. 0.
    2098.9859734354504 0. 0. -0.014430346715000786 0.</data></Q>
</opencv_storage>
